image: slam_car1.pgm
resolution: 0.050000
origin: [-16.022620, -11.663011, 0.000000]
negate: 0
occupied_thresh: 0.65
free_thresh: 0.196

