image: infhs_slam_2.pgm
resolution: 0.050000
origin: [-15.683319, -11.723119, 0.000000]
negate: 0
occupied_thresh: 0.65
free_thresh: 0.196

